1. All Meshes are the Cell Mesh
2. When writing to the DrawBuffer write to the CullDataBufferInstead
3. Break the STD430 alignment in the object buffer for random radii for nice flickering objects ;)
4. Write Offsets into an array of vec3's which have 'bugged' alignment????


-0.00585736,    -0.154576
 -0.00552307,    -0.161939
 -0.00702916,    -0.166209
 -0.00969462,    -0.168229
  -0.0125657,    -0.169822
  -0.0150002,    -0.172664
  -0.0169545,    -0.177107
  -0.0188381,     -0.18176
  -0.0211219,    -0.184168
  -0.0240054,    -0.182283
  -0.0273532,    -0.175757
  -0.0308859,    -0.166152
  -0.0344418,    -0.155955
  -0.0380702,    -0.147046
  -0.0418608,    -0.139673
  -0.0456664,    -0.132512
  -0.0490126,    -0.123668
  -0.0513382,    -0.111895
  -0.0523994,   -0.0972769
  -0.0525137,   -0.0809837
  -0.0524292,   -0.0643793
  -0.0528608,   -0.0481906
  -0.0539784,   -0.0323683
  -0.0551911,   -0.0166072
  -0.0554228, -0.000936331
  -0.0537518,    0.0141788
  -0.0499966,    0.0282634
  -0.0448388,    0.0413782
  -0.0393975,    0.0542726
  -0.0345411,    0.0679173
  -0.0304006,    0.0826454
  -0.0263702,    0.0975375
  -0.0215478,     0.110654
  -0.0153139,     0.120134
 -0.00767833,     0.125433
 0.000806155,     0.127785
  0.00945766,     0.129518
   0.0178834,      0.13261
   0.0260891,     0.137449
   0.0342599,     0.142555
   0.0424701,      0.14547
   0.0505809,     0.144275
   0.0583883,     0.138746
   0.0658611,     0.130403
   0.0732483,     0.121473
   0.0809221,     0.113518
   0.0890267,       0.1067
   0.0971942,     0.100062
    0.104619,    0.0924388
    0.110507,     0.083277
    0.114606,    0.0728537
     0.11742,    0.0618543
    0.119942,    0.0507669
    0.123036,    0.0395792
    0.126888,    0.0281004
    0.130864,    0.0165854
    0.133883,   0.00599519
    0.135079,  -0.00246874
    0.134333,  -0.00824001
    0.132322,   -0.0119729
    0.130072,   -0.0153201
    0.128338,   -0.0199608
    0.127254,   -0.0264978
    0.126424,   -0.0339563
    0.125298,    -0.040298
     0.12355,   -0.0437513
    0.121246,   -0.0441721
    0.118661,   -0.0429901
    0.115974,   -0.0414195
    0.113257,   -0.0400187
    0.110579,    -0.039359
    0.108002,   -0.0399176
    0.105573,   -0.0419119
    0.103307,   -0.0455387
    0.101149,   -0.0514602
   0.0988611,   -0.0607733
   0.0959993,   -0.0725151
    0.092346,   -0.0835759
   0.0890406,   -0.0802936
   0.0863657,   -0.0637195
   0.0830822,   -0.0545645
   0.0790072,   -0.0534615
    0.074868,   -0.0537543
   0.0713969,   -0.0499738
    0.068563,   -0.0423389
   0.0651374,    -0.037322
   0.0596748,   -0.0411508
   0.0528899,   -0.0499584
   0.0494962,   -0.0461902
   0.0508779,   -0.0265554
   0.0515713,  -0.00938201
    0.049154, -0.000750578
   0.0447985,   0.00211931
   0.0402635,   0.00230313
   0.0359974,  0.000343068
   0.0317091,  -0.00445947
   0.0268064,   -0.0124209
   0.0244974,   -0.0144656
    0.024122,   -0.0100091
   0.0247164, -0.000658027
    0.024549,   0.00975041
   0.0209632,    0.0158673
   0.0137957,    0.0179272
  0.00539275,    0.0205816
 -0.00217939,    0.0275893
 -0.00706867,    0.0400399
 -0.00742358,    0.0564968
  -0.0087488,     0.069082
  -0.0103971,    0.0773013
  -0.0114952,    0.0816431
  -0.0126159,    0.0824587
  -0.0157702,      0.08052
  -0.0225929,    0.0764219
  -0.0325957,    0.0690041
  -0.0397241,    0.0587791
   -0.037232,    0.0504148
  -0.0326013,    0.0444495
  -0.0319076,    0.0384254
  -0.0345841,    0.0327254
  -0.0380706,    0.0295161
  -0.0407848,    0.0301122
  -0.0432737,    0.0339955
  -0.0477977,    0.0394269
  -0.0560773,    0.0453174
  -0.0668582,    0.0524076
  -0.0709793,    0.0599805
  -0.0661994,    0.0657087
  -0.0614719,    0.0680624
  -0.0603932,    0.0696429
  -0.0627667,    0.0714674
    -0.06717,    0.0724403
  -0.0715727,    0.0710989
  -0.0752808,     0.067088
  -0.0794053,    0.0608934
  -0.0864939,    0.0536498
  -0.0980667,      0.04544
   -0.105469,    0.0368253
   -0.105879,    0.0293388
    -0.10436,    0.0236851
   -0.101486,      0.01971
   -0.100298,    0.0160898
    -0.10259,     0.011917
    -0.10871,   0.00686813
   -0.118215,   0.00108349
   -0.125839,  -0.00294703
   -0.123603,   -0.0026545
   -0.113779,  0.000836305
   -0.109151,   0.00225508
   -0.109736,   0.00195303
   -0.113699, -0.000199283
   -0.117327,  -0.00358943
   -0.120515,   -0.0079322
   -0.122608,     -0.01253
    -0.12165,   -0.0157862
   -0.121596,   -0.0203129
    -0.12353,   -0.0261112
    -0.12429,   -0.0300375
   -0.123664,   -0.0317814
   -0.121673,   -0.0312375
    -0.11807,   -0.0280505
   -0.113124,   -0.0226013